b7
82
7d
01
9b
82
02
84
93
82
f2
ff
e3
4e
50
fe
37
85
00
00
b7
95
00
00
b7
12
00
00
9b
82
02
96
93
03
70
01
23
00
05
00
23
80
75
00
13
05
15
00
93
85
15
00
93
82
f2
ff
e3
46
50
fe
37
a5
00
00
93
02
c0
12
23
00
05
00
13
05
15
00
93
82
f2
ff
e3
4a
50
fe
17
05
00
00
13
05
c5
02
b7
85
00
00
93
02
00
05
03
43
05
00
23
80
65
00
13
05
15
00
93
85
15
00
93
82
f2
ff
e3
46
50
fe
6f
00
00
00
20
20
20
20
56
65
72
73
69
6f
6e
20
30
2e
30
20
56
6f
73
6b
68
6f
64
36
36
34
20
53
61
6c
79
75
74
31
20
70
6c
61
74
66
6f
72
6d
20
42
49
4f
53
20
43
6f
70
79
72
69
67
68
74
20
4c
41
42
35
36
30
34
20
32
30
31
38
2d
32
30
32
33
2e
20
20
20
00
00
00
00
00
00
00
00
